   90.2483     0.0837
   94.1301     0.2963
   79.6327     0.0132
   90.8845     0.0640
   88.8488     0.0172
   86.1216     0.0640
   82.9293     0.0022
   92.2880     0.0609
  119.0082     0.0065
   95.4556     0.0010
   92.8099     0.0065
   84.5643     0.0044
   93.0397     0.0020
   90.3065     0.0124
   88.2814     0.0010
   96.7744     0.0150
   91.1420     0.0034
   90.1227     0.0124
   86.5010     0.0124
   91.9097     0.0025
   92.2172     0.0002
   89.2381     0.0005
   83.8257     0.0021
   87.1473     0.0025
   97.7673     0.0009
  761.8727     0.0040
   89.9316     0.0003
   94.8597     0.0040
   93.4849     0.0042
  343.3345     0.0033
   91.8670     0.0033
   84.0049     0.0040
  147.4663     0.0017
   92.9708     0.0016
   92.8915     0.0003
  381.2674     0.0007
   91.3834     0.0002
   91.1341     0.0004
   91.2155     0.0001
   93.0338     0.0017
   92.3362     0.0007
   26.4414     0.0002
   73.0061     0.0001
   89.8061     0.0013
   91.0391     0.0003
   89.4289     0.0016
  184.8674     0.0004
   94.9448     0.0001
   93.1973     0.0013
   90.5849     0.0013
   92.4675     0.0001
   90.9393     0.0003
   90.3135     0.0010
  100.0417     0.0003
   91.3890     0.0003
   80.8571     0.0016
   94.3195     0.0016
   93.6701     0.0005
   88.3832     0.0001
   29.7432     0.0023
   92.1147     0.0012
