   90.2483     0.0818
   82.9293     0.0021
   90.8845     0.0607
   79.6327     0.0125
  119.0082     0.0061
   84.5643     0.0042
   90.1227     0.0118
   86.5010     0.0118
   92.8099     0.0061
   93.0397     0.0019
   90.3065     0.0118
   96.7744     0.0142
   91.1420     0.0032
   89.9316     0.0004
   94.8597     0.0047
   84.0049     0.0047
   91.9097     0.0029
   92.2172     0.0003
   89.2381     0.0006
   93.4849     0.0049
  343.3345     0.0038
  147.4663     0.0023
   92.9708     0.0021
   92.8915     0.0004
  381.2674     0.0009
   91.3834     0.0003
   89.8061     0.0017
   13.1169     0.0004
   94.3195     0.0021
   93.6701     0.0006
   88.3832     0.0001
   89.4289     0.0021
   26.4414     0.0003
   73.0061     0.0001
  184.8674     0.0005
   94.9448     0.0001
   93.1973     0.0017
   90.5849     0.0017
   91.1341     0.0005
   91.2155     0.0002
   93.0338     0.0023
   29.7432     0.0022
   92.1147     0.0012
